1000000 1000 1 7711 7720 7800
1000000 1000 2 7710 3869 3910
1000000 1000 3 7712 2588 2617
1000000 1000 4 7709 1944 1964
1000000 1000 5 7709 1566 1578
1000000 1000 6 7710 1303 1320
1000000 1000 7 7709 1138 1137
1000000 1000 8 7709 1043 1001
1000000 1000 9 7709 1856 1959
1000000 1000 10 7709 1710 1731
1000000 1000 11 7709 1565 1600
1000000 1000 12 7709 1524 1557
1000000 1000 13 7709 1582 1569
1000000 1000 14 7710 1599 1665
1000000 1000 15 7709 1691 1619
1000000 1000 16 7710 1621 1565
1000000 1000 17 7710 1635 1657
1000000 1000 18 7710 1587 1682
1000000 1000 19 7712 1621 1687
1000000 1000 20 7712 1812 1869
1000000 1000 21 7714 1681 1716
1000000 1000 22 7719 1701 1691
1000000 1000 23 7709 1643 1702
1000000 1000 24 7709 1680 1741
1000000 1000 25 7710 1785 1731
1000000 1000 26 7709 1712 1748
1000000 1000 27 7712 1678 1772
1000000 1000 28 7709 1720 1780
1000000 1000 29 7711 1757 1783
1000000 1000 30 7713 1962 1945
1000000 1000 31 7715 1761 1795
1000000 1000 32 7709 1760 1803