1000000 1000 1 1423 1419 1471
1000000 1000 2 1480 753 1218
1000000 1000 3 1441 524 915
1000000 1000 4 1487 447 768
1000000 1000 5 1485 631 953
1000000 1000 6 1487 543 847
1000000 1000 7 1482 483 731
1000000 1000 8 1484 443 668
1000000 1000 9 1472 560 677
1000000 1000 10 1480 518 606
1000000 1000 11 1468 493 512
1000000 1000 12 1464 466 451
1000000 1000 13 1455 545 504
1000000 1000 14 1455 511 477
1000000 1000 15 1467 506 453
1000000 1000 16 1455 486 436
1000000 1000 17 1470 550 487
1000000 1000 18 1459 516 466
1000000 1000 19 1471 528 449
1000000 1000 20 1460 499 433
1000000 1000 21 1471 553 478
1000000 1000 22 1459 539 464
1000000 1000 23 1475 523 448
1000000 1000 24 1449 540 442
1000000 1000 25 1468 576 472
1000000 1000 26 1465 557 460
1000000 1000 27 1461 548 447
1000000 1000 28 1457 554 443
1000000 1000 29 1463 584 469
1000000 1000 30 1449 565 463
1000000 1000 31 1458 604 455
1000000 1000 32 1453 591 454
