1000 1000 1000 2 2471087 1154727 1609554 839983 3940215 1589871 834480 841920 
1000 1000 1000 3 2447236 753441 1607381 570987 2782503 1586333 587708 591966 
1000 1000 1000 4 2447094 584013 1606707 434037 2296528 1603376 439909 443079 
1000 1000 1000 5 2454356 583930 1608166 426496 2297119 1602779 434739 444637 
1000 1000 1000 6 2454860 577706 1607296 413121 2297094 1596446 436706 424586 
1000 1000 1000 7 2450461 574490 1605915 407795 2291948 1599848 438071 416144 
1000 1000 1000 8 2449491 569846 1597343 406347 2272074 1599968 412132 397428 
1000 1000 1000 9 2442513 569649 1602041 401183 2276001 1592320 429781 423186 
1000 1000 1000 10 2447326 576536 1606997 398395 2283187 1600418 408969 399639 
1000 1000 1000 11 2470070 568113 1606011 397756 2289284 1585842 399864 388323 
1000 1000 1000 12 2444290 570397 1616989 397781 2279151 1585370 400950 396061 
1000 1000 1000 13 2445658 572305 1606283 391802 2256760 1586179 393137 380514 
1000 1000 1000 14 2440218 575384 1601158 394305 2271366 1579768 387797 374999 
1000 1000 1000 15 2441774 581658 1602978 395892 2277162 1603709 389664 383695 
1000 1000 1000 16 2436317 567967 1610057 399478 2284222 1574590 385557 374703 
1000 1000 1000 17 2445105 566593 1602307 391757 2261877 1596304 396360 367249 
1000 1000 1000 18 2461868 570428 1605331 403960 2257613 1576785 391201 385942 
1000 1000 1000 19 2457349 568580 1600691 389695 2267255 1567695 389103 369492 
1000 1000 1000 20 2442524 565050 1608438 389359 2268828 1566966 387278 373685 
1000 1000 1000 21 2429521 565786 1599576 391543 2274634 1573019 404359 383410 
1000 1000 1000 22 2441952 564884 1601318 384108 2270454 1577792 380828 364132 
1000 1000 1000 23 2423218 579165 1642432 400723 2269274 1697380 392947 370970 
1000 1000 1000 24 2617780 567174 1682038 400791 2328694 1693554 388044 377693 
1000 1000 1000 25 2633442 594427 1679321 397803 2332287 1672890 396263 384078 
1000 1000 1000 26 2543304 565499 1599066 386346 2213405 1602360 381663 369417 
1000 1000 1000 27 2440510 557943 1593907 386474 2235409 1583820 380587 367973 
1000 1000 1000 28 2443131 560558 1599496 382292 2211742 1581368 387217 367584 
1000 1000 1000 29 2434539 564719 1597119 384407 2212463 1584079 386577 370535 
1000 1000 1000 30 2438393 557230 1596975 382870 2213269 1588856 388403 371569 
1000 1000 1000 31 2427603 560395 1600942 378985 2212601 1585654 389281 373773 
1000 1000 1000 32 2422459 557005 1598152 380817 2225646 1589226 374320 361742 
