1000000 1000 1 16160 16193 16275
1000000 1000 2 16160 8135 8175
1000000 1000 3 16155 5447 5475
1000000 1000 4 16281 4100 4122
1000000 1000 5 16158 3298 3317
1000000 1000 6 16221 2756 2770
1000000 1000 7 16159 2382 2359
1000000 1000 8 16164 2069 2087
1000000 1000 9 16156 1941 1984
1000000 1000 10 16167 1774 1825
1000000 1000 11 16167 1911 1994
1000000 1000 12 16154 1829 1782
1000000 1000 13 16154 1812 1799
1000000 1000 14 16155 1784 1820
1000000 1000 15 16156 1817 1814
1000000 1000 16 16152 1793 1800
1000000 1000 17 16152 1778 1797
1000000 1000 18 16160 1740 1763
1000000 1000 19 16153 1743 1769
1000000 1000 20 16153 1754 1760
1000000 1000 21 16170 1760 1755
1000000 1000 22 16156 1720 1760
1000000 1000 23 16156 1746 1715
1000000 1000 24 16152 1755 1741
1000000 1000 25 16153 1764 1794
1000000 1000 26 16156 1950 1980
1000000 1000 27 16158 1760 1781
1000000 1000 28 16167 1739 1801
1000000 1000 29 16160 1756 1817
1000000 1000 30 16156 1751 1751
1000000 1000 31 16156 1711 1748
1000000 1000 32 16157 1748 1752