1000000 1000 1 78508 78554 78681
1000000 1000 2 78326 37997 38093
1000000 1000 3 78261 23958 24004
1000000 1000 4 78935 16607 16546
1000000 1000 5 79033 12162 12115
1000000 1000 6 79134 9138 9176
1000000 1000 7 78494 7091 7131
1000000 1000 8 78431 5522 5460
1000000 1000 9 78679 4442 4319
1000000 1000 10 78951 3622 3638
1000000 1000 11 78359 3055 3002
1000000 1000 12 78722 2718 2654
1000000 1000 13 78442 2433 2373
1000000 1000 14 78406 2236 2175
1000000 1000 15 78374 1988 1940
1000000 1000 16 78458 1848 1768
1000000 1000 17 78744 1664 1604
1000000 1000 18 78904 1646 1576
1000000 1000 19 78323 1521 1454
1000000 1000 20 78535 1473 1408
1000000 1000 21 78418 1460 1373
1000000 1000 22 79404 1389 1314
1000000 1000 23 78407 1352 1268
1000000 1000 24 78285 1342 1263
1000000 1000 25 78349 1272 1200
1000000 1000 26 78470 1296 1213
1000000 1000 27 78387 1286 1202
1000000 1000 28 78811 1247 1157
1000000 1000 29 78690 1239 1109
1000000 1000 30 78497 1210 1091
1000000 1000 31 78346 1211 1083
1000000 1000 32 78370 1195 1083
