1000 1000 1000 2 10186654 5525996 5427399 2761353 6356557 8637022 4327475 4275811
1000 1000 1000 3 10089982 3834742 5428325 1929672 5767459 8631060 2983342 2950425
1000 1000 1000 4 10091107 2885367 5437237 1533222 5634785 8630926 2182290 2163679
1000 1000 1000 5 10089494 2410904 5434676 1232539 5377950 8632398 1786653 1769907
1000 1000 1000 6 10092660 2020851 5451629 1048971 5146009 8635997 1521340 1515179
1000 1000 1000 7 10088107 1724882 5446203 903072 5054796 8635554 1383202 1369304
1000 1000 1000 8 10096836 1508033 5448885 795575 4912499 8632180 1121211 1116026
1000 1000 1000 9 10095836 1591006 5441131 950175 5059399 8631735 1298493 1288616
1000 1000 1000 10 10094724 1555850 5441531 871202 5176537 8629934 1267465 1312199
1000 1000 1000 11 10091538 1539585 5439118 892175 5163278 8633159 1289476 1270986
1000 1000 1000 12 10087161 1527981 5434329 862146 5161385 8632625 1285076 1262027
1000 1000 1000 13 10107840 1462144 5442162 831111 5116150 8632148 1179279 1232442