1000 1000 1000 2 1618 848 1272 2584 13019 12517 1983 1010 1879 
1000 1000 1000 3 1602 591 866 2539 8013 6826 2024 782 1520 
1000 1000 1000 4 1677 486 688 2507 7549 6563 1988 569 1400 
1000 1000 1000 5 1674 641 901 2537 8004 7213 1999 649 1508 
1000 1000 1000 6 1665 570 773 2508 9133 7433 1972 594 1316 
1000 1000 1000 7 1699 530 698 2557 7928 6728 2011 573 841 
1000 1000 1000 8 1661 517 687 2529 7547 6377 1996 531 768 
1000 1000 1000 9 1652 599 755 2536 7608 6699 1995 547 809 
1000 1000 1000 10 1655 573 710 2528 8108 6805 1992 557 821 
1000 1000 1000 11 1671 541 674 2508 7617 6510 1995 553 790 
1000 1000 1000 12 1671 540 667 2518 7373 6507 1998 549 785 
1000 1000 1000 13 1654 618 714 2535 7482 6540 1997 539 783 
1000 1000 1000 14 1658 584 699 2540 7755 6647 1997 532 785 
1000 1000 1000 15 1648 576 659 2531 7464 6446 1994 519 770 
1000 1000 1000 16 1655 564 651 2519 7428 6442 1999 501 764 
1000 1000 1000 17 1671 603 688 2547 7360 6549 2076 507 749 
1000 1000 1000 18 1664 623 676 2530 7495 6513 2053 502 783 
1000 1000 1000 19 1666 589 655 2518 7449 6520 2007 505 762 
1000 1000 1000 20 1660 627 639 2526 7430 6482 2014 505 765 
1000 1000 1000 21 1661 654 680 2538 7307 6392 2005 510 792 
1000 1000 1000 22 1672 626 668 2509 7353 6410 1963 513 813 
1000 1000 1000 23 1650 613 662 2504 7339 6424 2012 514 758 
1000 1000 1000 24 1662 658 645 2555 7288 6391 2001 511 779 
1000 1000 1000 25 1665 696 691 2534 7361 6424 1984 512 762 
1000 1000 1000 26 1664 666 653 2537 7318 6389 1998 517 781 
1000 1000 1000 27 1668 666 659 2516 7299 6394 1979 509 798 
1000 1000 1000 28 1641 681 634 2536 7309 6392 1983 514 791 
1000 1000 1000 29 1657 708 698 2482 7349 6445 1991 522 784 
1000 1000 1000 30 1665 701 660 2538 7283 6405 1994 521 812 
1000 1000 1000 31 1660 698 651 2514 7340 6480 1995 523 866 
1000 1000 1000 32 1661 696 641 2510 7340 6394 1985 519 797 
