1000 1000 1000 2 5331 2517 2664 13681 22552 24668 8603 4567 5556
1000 1000 1000 3 5317 1687 1775 13683 16527 16939 8604 3461 4145
1000 1000 1000 4 5317 1270 1336 13526 19064 17145 8615 2338 2783
1000 1000 1000 5 5323 1020 1086 13523 11729 11592 8616 2304 2846
1000 1000 1000 6 5321 852 905 13659 11662 11425 8598 1779 2124
1000 1000 1000 7 5315 736 783 13535 9623 9512 8607 1782 2131
1000 1000 1000 8 5316 759 691 13539 11072 8903 8616 1385 1762
1000 1000 1000 9 5384 1313 1467 13759 12576 11293 8599 1735 2017
1000 1000 1000 10 5317 1143 1278 13526 12371 11683 8621 1491 1894
1000 1000 1000 11 5327 1092 1131 13524 13063 12026 8615 1875 2278
1000 1000 1000 12 5319 1108 1174 13557 12452 11132 8599 1782 2539
1000 1000 1000 13 5323 1073 1146 13529 11534 10212 8608 1944 2117
1000 1000 1000 14 5320 1116 1141 13531 11218 9904 8608 1876 2503
1000 1000 1000 15 5320 1090 1192 13537 10494 9648 8600 1810 2366
1000 1000 1000 16 5319 1167 1179 13536 10710 9618 8613 1898 2540
1000 1000 1000 17 5322 1165 1760 13775 11179 10145 8610 1894 2378
1000 1000 1000 18 5321 1155 1210 13537 11439 10330 8613 1975 2616
1000 1000 1000 19 5321 1179 1210 13522 11671 10648 8788 1971 2794
1000 1000 1000 20 5321 1140 1214 13575 11248 10078 8645 1920 2620
1000 1000 1000 21 5328 1213 1173 13523 10728 9747 8605 1946 2802
1000 1000 1000 22 5321 1244 1254 13526 10538 9602 8612 1973 2782
1000 1000 1000 23 5321 1213 1219 13523 10413 9644 8608 2035 2864
1000 1000 1000 24 5319 1258 1259 13532 10368 9636 8616 2021 2937
1000 1000 1000 25 5320 1258 1258 13522 10449 9867 8613 2001 3058
1000 1000 1000 26 5322 1231 1304 13530 10674 10047 8613 1986 2883
1000 1000 1000 27 5329 1245 1250 13543 10687 10054 8611 2446 3526
1000 1000 1000 28 5400 1373 1644 13592 10553 9792 8618 2077 3000
1000 1000 1000 29 5325 1281 1314 13526 10388 9641 8611 2097 3147
1000 1000 1000 30 5322 1279 1337 13552 10299 10171 8800 2083 3122
1000 1000 1000 31 5317 1315 1241 13532 10231 9656 8612 2091 2928
1000 1000 1000 32 5322 1307 1286 13516 10379 9662 8610 2123 3059