1000 1000 1000 2 11852643 6704520 5565006 4760185 9403707 8676303 4348360 4310390
1000 1000 1000 3 14524376 4313969 5438934 1935000 5621219 8661336 2994840 2951604
1000 1000 1000 4 11701420 3249445 5406899 1464865 5436065 8662451 2197367 2159757
1000 1000 1000 5 11700197 2691160 5403340 1178814 5384915 8661965 1798084 1766635
1000 1000 1000 6 11705876 2241303 5409635 990121 5178664 8661285 1532510 1503560
1000 1000 1000 7 11712828 1920397 5416517 848803 5044446 8661918 1391996 1374656
1000 1000 1000 8 11700956 1690949 5407119 755767 4928759 8665246 1130780 1128715
1000 1000 1000 9 11705987 1784888 5418564 874770 5112465 8662233 1296449 1282295
1000 1000 1000 10 11706669 1777108 5416264 866687 5133569 8662711 1329505 1274888
1000 1000 1000 11 11737238 1742731 5414457 862685 5113357 8663070 1237597 1235794
1000 1000 1000 12 11741214 1695391 5415408 836027 5094263 8664257 1247616 1224696
1000 1000 1000 13 11734492 1666742 5418314 818426 5104026 8663359 1222793 1186806
1000 1000 1000 14 11742245 1672465 5419182 808102 5062581 8662697 1215311 1205823
1000 1000 1000 15 11738654 1616071 5418612 806583 5020641 8664958 1228014 1202587
1000 1000 1000 16 11734162 1607548 5418501 802309 5056266 8663713 1156071 1168372
1000 1000 1000 17 11737138 1612508 5416808 808642 5065588 8662619 1192395 1181028